0,436
0,435
46,4
46,3
46,2
46,1
46,0
45,4
45,3
45,2
45,1
45,0
44,4
44,3
44,2
44,1
44,0
43,4
43,3
43,2
43,1
43,0
42,3
42,2
42,1
42,0
41,3
41,2
41,1
41,0
0,434
40,4
40,3
40,2
40,1
40,0
39,4
39,3
39,2
39,1
39,0
0,433
38,4
38,3
38,2
38,1
38,0
37,4
37,3
37,2
37,1
37,0
36,3
36,2
36,1
36,0
35,3
35,2
35,1
35,0
0,432
0,431
0,430
0,429
0,428
34,3
34,2
34,1
34,0
33,4
33,3
33,2
33,1
33,0
32,4
32,3
32,2
32,1
32,0
31,4
31,3
31,2
31,1
31,0
30,3
30,2
30,1
30,0
29,3
29,2
29,1
29,0
0,427
0,426
0,425
0,424
0,423
0,422
0,421
28,3
28,2
28,1
28,0
27,4
27,3
27,2
27,1
27,0
26,4
26,3
26,2
26,1
26,0
25,4
25,3
25,2
25,1
25,0
0,420
24,3
24,2
0,419
24,1
24,0
0,418
0,417
23,3
23,2
0,416
23,1
23,0
0,415
0,414
0,413
0,412
0,411
0,410
0,409
0,408
0,407
0,406
0,405
0,404
22,3
22,2
0,403
22,1
22,0
0,402
0,401
21,4
21,3
21,2
0,400
21,1
21,0
0,399
0,398
20,4
20,3
20,2
0,397
20,1
20,0
0,396
0,395
19,4
19,3
19,2
0,394
19,1
19,0
0,393
0,392
18,3
18,2
0,391
18,1
18,0
0,390
0,389
17,3
17,2
0,388
17,1
17,0
0,387
0,386
0,385
0,384
0,383
0,382
0,381
0,380
0,379
0,378
0,377
0,376
0,375
0,374
0,373
0,372
0,371
0,370
0,369
0,368
0,367
0,366
0,365
0,364
0,363
16,3
16,2
0,362
16,1
16,0
0,361
0,360
15,4
15,3
15,2
0,359
15,1
15,0
0,358
0,357
14,4
14,3
14,2
0,356
14,1
14,0
0,355
0,354
13,4
13,3
13,2
0,353
13,1
13,0
0,352
0,351
12,3
12,2
0,350
12,1
12,0
0,349
0,348
11,3
11,2
0,347
11,1
11,0
0,346
0,345
0,344
0,343
0,342
0,341
0,340
0,339
0,338
0,337
0,336
0,335
0,334
0,333
0,332
0,331
0,330
0,329
0,328
0,327
10,3
10,2
0,326
10,1
10,0
0,325
0,324
9,4
9,3
9,2
0,323
0,322
9,1
9,0
0,321
0,320
8,4
8,3
8,2
0,319
8,1
8,0
0,318
0,317
7,4
7,3
7,2
7,1
7,0
6,3
6,2
6,1
6,0
5,3
5,2
5,1
5,0
4,2
3,6
3,5
3,4
3,3
3,2
4,1
3,1
4,3
3,0
4,0
2,2
1,2
0,243
1,1
1,3
1,0
2,1
2,3
2,0
0,9
0,310
0,305
0,308
0,304
0,303
0,302
0,307
0,12
0,10
0,8
0,0
0,300
0,299
0,298
0,297
0,296
0,295
0,294
0,293
0,292
0,291
0,290
0,289
0,288
0,287
0,286
0,285
0,284
0,283
0,282
0,281
0,280
0,279
0,278
0,277
0,276
0,275
0,274
0,273
0,272
0,271
0,270
0,269
0,268
0,267
0,266
0,265
0,264
0,263
0,262
0,261
0,260
0,259
0,258
0,257
0,256
0,255
0,254
0,253
0,252
0,251
0,250
0,249
0,248
0,247
0,246
0,245
0,244
0,242
0,241
0,240
0,239
0,238
0,237
0,236
0,235
0,234
0,233
0,232
0,231
0,230
0,229
0,228
0,227
0,226
0,225
0,224
0,223
0,222
0,221
0,220
0,219
0,218
0,217
0,216
0,215
0,214
0,213
0,212
0,211
0,210
0,209
0,208
0,207
0,206
0,205
0,204
0,203
0,202
0,201
0,200
0,199
0,198
0,197
0,196
0,195
0,194
0,193
0,192
0,63
0,62
0,61
0,60
0,59
0,58
0,57
0,56
0,55
0,54
0,53
0,316
0,52
0,315
0,51
0,314
0,50
0,313
0,49
0,312
0,48
0,311
0,47
0,309
0,46
0,306
0,45
0,301
0,6
0,5
0,1
0,11
0,4
0,2
0,3
0,7
